# q1 = [-1.5, -0.5], q2 = [0.8, 1.8], q3 = [2, 3], EK1 = [-1.5, -0.5], EK2 = [0.8, 1.8], EK3 = [2, 3]
1.494747209880024075e-01 1.855260985796647055e-01 2.123667257308494982e-01 2.655828325747056073e-01 3.535372459736067507e-01 3.102900660599069438e-01
4.297590154617194624e-01 4.251901317664251168e-01 8.261210967224840163e-01 6.253184897713641721e-01 6.411273943223034788e-01 1.245675368075348954e+00
3.799961543403054809e-01 3.729314380102802251e-01 1.259351065991511476e+00 4.655188551347398951e-01 4.888758210739013177e-01 1.539760986027439715e+00
4.567028531931071056e-01 4.519578195539778465e-01 4.341261070486067686e-01 7.663749077734635096e-01 7.733008925353269669e-01 7.427908185132009455e-01
5.170614808844321564e-01 8.604566066790410028e-01 6.710469281271701503e-01 2.198535905015772673e-01 3.658637395342632104e-01 1.452849167633971095e-01
5.471926224538772310e-01 4.574896480843945734e-01 6.373712368122375072e-01 4.588482249776484889e-01 6.952179281910852993e-01 9.685725434543438483e-01
2.564545807242974429e-01 2.564196382107556405e-01 2.964578248037116337e-01 4.425085869866062782e-01 4.426656796802799221e-01 5.117849282559864266e-01
4.743881638293143688e-01 4.693560783123247870e-01 1.457999868588928605e+00 1.390475298964748863e+00 1.415088178160532895e+00 4.395805593030211789e+00
3.096678930425716958e-01 3.096717789828142831e-01 1.120609905374255311e+00 6.696152076380096352e-01 6.695911092167320389e-01 2.230430152670474175e+00
7.654333537459935277e-01 6.130292184797150323e-01 2.153133543499038127e-01 5.620225993392885533e-01 8.656346892781742186e-01 3.040356084163770012e-01
2.263667046436701469e-01 2.263883758201082064e-01 2.263883022312409288e-01 8.425930122230995689e-01 8.423986842064711267e-01 8.423984491788135687e-01
4.657491861320134929e-01 7.654112117173655916e-01 6.972068109703548622e-01 2.185539783369025435e-01 3.591706955496591358e-01 2.316015358618276343e-01
3.453549142463711585e-01 3.453546306778704778e-01 6.975685668761920644e-01 6.902742674042232629e-01 6.902730917311342695e-01 1.394256135255569129e+00
6.558220079036817252e-01 8.532696483353933159e-01 7.708840589950338718e-01 2.065143002462447308e-01 4.509950285923511326e-01 1.924551178087919590e-01
3.695572380696628412e-01 3.695573612943162667e-01 1.104415527161761945e+00 5.730147635963415143e-01 5.730109983324066514e-01 1.712433118154226275e+00
6.447409504543251124e-01 4.908877745482355670e-01 5.903616099722412969e-01 8.479835284873366019e-01 1.181636333384308735e+00 1.324050481675548951e+00
4.274594819878816399e-01 4.162871375011361619e-01 6.406019371133133689e-01 9.243552237174861297e-01 9.649406094970637282e-01 1.484895355909282344e+00
6.081955198564993337e-01 6.022762228041969035e-01 1.065476728843802734e+00 7.660743619131603621e-01 7.892654885276820798e-01 1.396276321298840051e+00
2.838161177624591303e-01 2.689454696157987379e-01 8.028028302506829972e-01 2.340773073462734388e-01 2.715522754728126320e-01 6.488834836535537498e-01
4.914182854134633849e-01 4.184164512510228917e-01 3.117311461622320756e-01 9.848276641327550207e-01 1.249781383955513858e+00 9.311196355852181528e-01
2.988248647738917518e-01 5.483356032872477304e-01 7.402776750837338771e-01 2.391540293182438937e-01 4.388408350984849826e-01 5.298772192188532237e-01
5.607914273691950724e-01 3.951535439474315736e-01 3.951535788334726296e-01 1.011261442765756691e+00 1.785710975358469677e+00 1.785710307752153225e+00
5.253751032868902993e-01 4.695296228943194872e-01 4.321371335141137027e-01 2.276158340626777132e-01 1.901187504751131185e-01 1.749780242856024681e-01
5.397192902514240664e-01 1.036296038583301549e+00 7.092009008925151958e-01 4.963953203206503684e-01 9.527797861142028868e-01 2.461674708737958406e-01
2.930705688160932798e-01 2.942330354448776664e-01 1.447151530897754501e+00 6.098743687251488854e-01 6.122910407146980871e-01 2.805621188888228534e+00
4.805929260906783296e-01 4.278546455246874380e-01 3.950416110763203537e-01 2.255503619165494522e-01 2.031795727747748581e-01 1.875973412315952993e-01
3.541190293187512772e-01 2.741118173293844440e-01 2.741115581957369041e-01 5.774453076098817750e-01 9.152246288018853759e-01 9.152235798822677681e-01
8.302283992749169839e-01 7.548918270636536532e-01 6.190397776194055401e-01 5.357493714777152860e-01 5.257091815895094111e-01 3.418340433056959449e-01
2.701839200375129035e-01 2.701847777444628118e-01 4.168232489907207072e-01 8.282440593276918506e-01 8.282381843365920204e-01 1.277751241131127369e+00
6.484714696798050682e-01 5.241411735232061053e-01 1.413504782931901183e+00 6.208838811571742999e-01 9.638294617820919452e-01 2.512433096657171294e+00
2.825013313648981339e-01 2.825012337231230797e-01 1.489270902085303439e+00 4.816048494307603733e-01 4.816037246782147174e-01 2.538886238460884126e+00
4.280843058354506514e-01 6.999281205783952631e-01 4.234053127164700281e-01 4.621665100650390046e-01 7.606566914853226669e-01 1.628812865940015842e-01
3.613849067093315992e-01 6.633926966935193015e-01 8.894211914200803593e-01 5.379126003693173175e-01 9.874437325931401110e-01 1.121666232045114286e+00
5.277839123542422683e-01 4.238428903239399581e-01 3.452043639965209354e-01 1.988204790610833828e-01 3.713925598745485002e-01 2.251805738614912900e-01
2.272061890909975179e-01 2.272061766442735886e-01 4.963557775379371373e-01 4.619318483201346193e-01 4.619317529662792521e-01 1.009138448036326352e+00
5.371676058631971173e-01 9.032926575561071036e-01 9.740393200231148851e-01 6.526046461073899962e-01 1.102913762076422000e+00 7.553922142075690793e-01
2.355007125094252252e-01 2.355026477889458902e-01 5.883426576853163503e-01 6.391402942337498505e-01 6.391276826759838547e-01 1.596695791178257107e+00
6.693676839429680836e-01 6.899154631442191432e-01 9.631171588915112824e-01 3.988176037677074182e-01 4.723255416721234279e-01 6.593631066678562469e-01
3.915323035682357622e-01 3.766022735679963596e-01 3.766010216735444782e-01 1.330379824014393142e+00 1.426531747695777508e+00 1.426526079024645677e+00
5.529698022517537392e-01 4.824415982078868459e-01 2.664998401718049470e-01 7.944115850296772363e-01 9.365366206441168018e-01 5.173411044548874571e-01
2.880094587059517930e-01 2.937640562307044512e-01 3.102103606960681659e-01 4.164878723997350596e-01 4.248096060067051427e-01 4.485924651090628656e-01
4.207764525924782562e-01 3.901290799381712526e-01 1.284479639850539145e+00 6.398393149106756939e-01 7.504147204464310938e-01 2.462450918934928179e+00
3.688101947583479201e-01 5.208689492138198762e-01 9.335627403640931465e-01 1.797954504024868727e-01 2.539184631261890979e-01 4.535505936273999672e-01
5.316750673198119559e-01 4.785711298679854453e-01 7.051374566599789562e-01 1.091987881662795035e+00 1.303162372659519175e+00 1.920108719651552942e+00
4.951593060809972302e-01 8.700491155876203253e-01 4.828408658918854068e-01 2.008277174085152106e-01 3.569816426924093400e-01 4.321023927656978852e-07
8.395620968567507614e-01 6.942343000704518374e-01 5.240504612168591647e-01 8.262235319879529527e-01 1.227095420752415622e+00 9.262865981275791860e-01
3.077701511563060155e-01 2.506340225341122663e-01 2.566607839500858468e-01 5.678632067245429349e-01 7.934007423739430909e-01 8.124788790711869879e-01
4.566266169459170521e-01 5.862183120031861927e-01 7.316650294604789551e-01 6.208661655330552920e-01 7.970666248844706647e-01 9.696556463029071260e-01
3.289229051383382174e-01 7.973088144741342642e-01 1.138554001446977493e+00 4.472318496697883505e-01 1.084089030508186280e+00 1.344927483252485789e+00
6.095109374914360334e-01 5.532283401258833999e-01 8.301709221106865488e-01 7.935923641207580648e-01 9.618254468281108860e-01 1.443309151278250546e+00
4.113074242977415307e-01 3.887806977684771792e-01 4.147682147643056427e-01 7.855818617404322080e-01 8.857698600255560217e-01 9.449779429577119805e-01
5.469948617920641354e-01 9.843000293533884504e-01 4.671874999999999223e-01 2.805584381052574905e-01 5.937473156320729473e-01 0.000000000000000000e+00
3.485504550485732933e-01 2.921329957062216987e-01 2.921329299489949793e-01 1.317083815611260755e+00 1.670915643301047027e+00 1.670915057409946503e+00
