# q1 = [-1.5, -0.5], q2 = [0.8, 1.8], q3 = [2, 3], EK1 = [-1.5, -0.5], EK2 = [0.8, 1.8], EK3 = [2, 3]
2.936750902262068585e-01 2.483368078581131844e-01 2.483368107945575776e-01 1.150012520833735064e+00 1.485909970905960664e+00 1.485909884039284146e+00
2.358581315097054432e-01 2.680878433034293851e-01 4.941346309721274532e-01 3.876955969791687218e-01 4.406736690318674987e-01 8.122416900983181476e-01
4.100588111599361985e-01 4.101122976848454726e-01 1.011796731155957474e+00 9.861227090624160585e-01 9.858620669002507997e-01 2.432241228990792425e+00
3.143680487840633808e-01 3.456693260953925817e-01 1.132453455137611753e+00 3.259922944929458666e-01 3.612301028879609799e-01 8.710138649308327707e-01
3.017089435049932211e-01 3.017105368424244927e-01 1.548848417184181647e+00 9.167160343317456439e-01 9.167030559989096661e-01 4.705945769792170275e+00
3.752755991972651639e-01 3.752778413328544671e-01 1.521660692432353690e+00 6.055285119950734041e-01 6.055193287546684067e-01 2.305671031375714719e+00
5.179615350039691313e-01 5.068836071451109371e-01 4.125403240019919204e-01 1.407092544650649646e-01 1.376990426971160253e-01 5.328193962222731866e-02
6.125198066439231370e-01 8.518049759700172530e-01 5.907601545829823664e-01 1.401508817993029621e-01 1.653931465933694556e-01 0.000000000000000000e+00
4.151233954774074530e-01 3.964667550572620325e-01 3.847738052521521568e-01 3.552813156810235018e-01 3.393142436974663223e-01 3.293068907277070800e-01
5.699527884820536627e-01 4.313931595223318149e-01 4.221640030382215469e-01 9.744704861094672932e-01 1.499651979274996494e+00 1.467568540277831346e+00
4.471186227705056249e-01 3.883242025202464642e-01 3.700313234289072106e-01 9.359965407614995181e-01 1.126423139328760481e+00 1.073360463956102517e+00
3.046277097751605711e-01 4.203028259990329030e-01 1.186533305450830023e+00 3.474504926826232354e-01 4.793504982759358990e-01 9.786534136300053532e-01
4.439694249216922795e-01 4.460631285946122793e-01 1.158429805712204219e+00 4.157105299490334582e-01 4.175737232817741118e-01 1.084442513511087558e+00
2.200612970157695691e-01 2.200613659824733892e-01 8.104575004328139487e-01 5.103295133653685811e-01 5.103285844204833444e-01 1.879474146286596037e+00
4.961304401155485766e-01 7.424566631679394568e-01 8.782258414622552412e-01 7.975479661404164533e-01 1.193519862049556179e+00 1.125424251699470801e+00
5.392331467468447492e-01 6.185945069324577661e-01 9.893426194936595364e-01 4.494178114002382318e-01 5.248982552028904625e-01 8.394904951031200158e-01
8.700402004731284666e-01 7.420231066228009098e-01 7.178200116739296144e-01 7.164655957347720872e-01 9.457660420632327813e-01 8.722782853481718668e-01
5.616644241108659230e-01 3.277070138322816240e-01 2.415837302964123912e-01 4.801709612069261501e-01 3.146378911110694898e-01 2.319492507736235221e-01
6.271289187819168998e-01 6.048225586764782724e-01 8.117478359606286054e-01 1.103974768205181922e+00 1.194096448489696760e+00 1.602627412742490653e+00
7.115633334510057528e-01 6.209950284418609412e-01 1.284134697706974304e+00 6.114668343087514835e-01 8.636806079196304164e-01 1.785975725380877677e+00
8.289434883668942433e-01 9.776040590938790409e-01 6.005694246183435059e-01 6.000002826121277888e-01 7.167930304433826061e-01 1.438456663759877796e-01
4.982647571487777149e-01 4.968037218901900087e-01 1.266285359415505685e+00 1.373248366761060435e+00 1.380441129887984841e+00 3.518557331315840475e+00
1.940515904020480298e-01 1.882830301715702759e-01 3.876007236116117416e-01 4.882327342281970739e-01 5.142853278167529574e-01 1.058711287924946287e+00
3.527168498414631759e-01 1.027687435603179988e+00 7.190065508327048160e-01 2.250142031024127409e-01 6.556087909659725765e-01 2.061444869527798707e-01
5.323374949962155211e-01 5.890088168787476208e-01 1.095882782487179963e+00 9.250223963658501525e-01 1.082217616711423025e+00 1.642931412554459625e+00
7.469945240351679727e-01 6.075861373734957604e-01 1.201831201465493937e+00 6.036031943917271603e-01 8.715993377120087038e-01 1.481695093003623898e+00
5.461687847245936256e-01 7.387923896184385164e-01 6.104406583552601795e-01 2.823047403967469116e-01 3.818678730217608952e-01 2.024164313849939889e-01
6.148938672779450387e-01 6.683284477968295390e-01 7.719796116245741802e-01 9.220330421709783675e-01 1.002109730846618918e+00 1.157527117795644989e+00
4.793038461135826767e-01 3.937239316895017049e-01 3.937235487652320787e-01 8.676771710593556008e-01 1.262655854059903549e+00 1.262653867402741437e+00
4.693858307286210008e-01 4.604777559168004020e-01 1.267995278937662951e+00 4.296592751052302206e-01 4.559272955590673582e-01 1.165075305843157771e+00
5.522110653233399669e-01 5.326506879974846065e-01 7.723316766484430440e-01 5.492349918013587073e-01 6.062599836290613053e-01 8.790635393043840784e-01
3.420115253130369126e-01 7.525297221970543848e-01 5.691242416286818040e-01 1.839613843770433743e-01 4.047711849849999211e-01 1.476549865839421605e-01
5.662176899547558540e-01 4.361924662981218059e-01 2.254099597125311660e-01 2.162298871107309894e-01 2.374417510938115761e-01 1.227021172616711009e-01
4.722836655900006231e-01 6.397285764820823672e-01 9.901511580541724200e-01 2.999041546900918509e-01 4.068911398671004598e-01 5.953457365043175464e-01
5.338995352824457141e-01 4.970125810015547652e-01 5.815889070601668598e-01 8.519983880475237026e-01 9.767714412349279840e-01 1.142988050773076969e+00
3.583262983709488703e-01 3.083940028700076774e-01 3.084640646057649760e-01 7.574524603277466017e-01 9.969086131189496269e-01 9.971350476962591580e-01
2.443564812575635681e-01 8.360625340364377100e-01 5.188233187650811429e-01 3.830491832338190350e-01 1.310585673152035113e+00 1.511987348884613336e-01
5.616683123862505900e-01 3.510243397999630033e-01 4.545823900376049220e-01 2.634916769199145414e-01 7.144090858216399775e-01 9.251713526244360608e-01
5.000480944439471553e-01 4.599888260087753866e-01 5.570179957293738271e-01 1.506888121286970916e+00 1.685307657263076964e+00 2.040803247250178476e+00
8.507396724899639606e-01 8.036403310662559862e-01 7.558499435848888837e-01 8.779220924321839981e-01 8.879011688630968901e-01 8.348560931055092338e-01
2.694950930725003579e-01 2.642509514809794346e-01 2.177360227874383380e-01 2.716256714016916929e-01 2.663401391120697737e-01 2.194574629006136868e-01
3.610474128341218947e-01 3.034152626552439336e-01 3.802904801329301532e-01 4.926083428601474856e-01 6.618166006806729396e-01 8.294986633620919925e-01
4.494642994920839962e-01 4.466289138721896146e-01 4.764882932601107179e-01 6.791319868657460512e-01 6.897598390910304467e-01 7.358737472356192688e-01
5.187958139294999160e-01 3.638821861570518679e-01 3.638818666875220376e-01 5.896308106729915011e-01 1.136635505800038803e+00 1.136634213441451102e+00
3.698023205122486501e-01 6.143898614698154459e-01 6.666190789731188948e-01 2.318978018299348853e-01 4.065152341755554621e-01 2.683120094170372560e-01
4.580236543285859385e-01 4.186309142294625252e-01 6.609342766094460364e-01 5.428314098892647044e-01 6.657207254663899398e-01 1.051039549238144577e+00
6.448685314944487823e-01 4.316391559330221006e-01 2.991666125483450345e-01 5.768510698199877940e-01 4.374531814347616399e-01 3.031962843368924410e-01
8.096812005109422783e-01 7.770720260573382721e-01 8.264717667179141136e-01 3.182000539886841173e-01 5.896584465687126908e-01 4.555148535357989026e-01
3.909066813934087836e-01 6.653088262006238152e-01 5.665580371234252288e-01 9.447376779373098388e-02 1.608477812613358371e-01 6.602657498472638831e-02
3.900073006532460140e-01 3.390915441501508587e-01 3.329090633030570845e-01 3.688145679584465264e-01 5.054717660186551775e-01 4.962557676411808449e-01
5.139082545986759509e-01 3.632525219334382660e-01 3.632520244378216190e-01 5.862778870437814760e-01 1.110843273007340093e+00 1.110841604288641093e+00
4.245288198087137088e-01 3.678266219412439364e-01 1.109370071793530865e+00 3.490483775805419131e-01 4.971634283992751313e-01 1.394639910138223415e+00
2.936865219915176239e-01 2.937441891453818066e-01 1.249356962960370687e+00 5.265548276144901285e-01 5.262875776876583256e-01 1.734263042003874711e+00
1.738816383834289325e-01 1.716067136690773431e-01 1.716063423791817089e-01 7.177098156615773217e-01 7.345412490735917510e-01 7.345395868973411124e-01
3.737510784333960001e-01 3.717559907831099464e-01 5.374485452206002600e-01 6.389209120305696654e-01 6.464744868479997963e-01 9.346097787524807465e-01
4.895571586857825341e-01 4.500501878340462114e-01 4.324914183828876268e-01 4.116424629367128607e-01 3.791959054978280563e-01 3.644015260777163090e-01
4.417244938605026094e-01 4.401813596974065712e-01 1.432704031644820741e+00 1.054596128704964775e+00 1.062139594473643145e+00 3.457055968765819554e+00
2.040547959553654367e-01 1.999527851355030750e-01 2.346069897400417936e-01 7.178449118224325964e-01 7.442166813281291260e-01 8.731983114859276363e-01
5.557366696578650567e-01 5.008321204730473708e-01 7.531636119035530763e-01 1.035659010035057337e+00 1.288191835841645982e+00 1.937213378073120440e+00
5.969598927989707704e-01 1.121689225756445918e+00 5.544371852416871693e-01 3.279908399333929525e-01 6.170786981981865038e-01 0.000000000000000000e+00
5.208449920495253904e-01 4.874782666585318336e-01 6.434957640220431152e-01 8.839167246064407735e-01 9.847998899855947563e-01 1.299985310692689966e+00
6.666981376643774659e-01 7.472317015274195784e-01 8.389920784725992675e-01 4.587396013670975714e-01 5.405111194932548102e-01 5.924449294884250872e-01
7.498632715687608696e-01 5.871274697163046952e-01 6.025046225110044507e-01 7.562268251117493234e-01 1.280890981681184426e+00 1.314438127620031649e+00
7.279136947917080880e-01 4.607903588032403186e-01 3.444475020857540870e-01 4.075648907410429622e-01 2.764232025524334668e-01 1.032198012252287522e-01
4.701597125073378458e-01 4.337152152010264605e-01 1.343661597944427077e+00 7.870571363559403233e-01 9.356143328078168064e-01 2.898556682499568105e+00
2.862063692608077803e-01 2.862068559889893171e-01 1.567997261017444632e+00 4.528301411776807228e-01 4.528265939347698721e-01 2.480831678701250986e+00
7.703854958279097165e-01 8.430058911628173224e-01 7.268058613870993501e-01 8.103681735130942032e-01 1.187587476456076985e+00 6.925303874450590147e-01
4.560667746625277075e-01 4.517750548275457079e-01 7.392792027912628017e-01 6.835016688558127607e-01 7.013167837636692381e-01 1.147626244574877941e+00
3.080044436502641370e-01 4.156396537304302141e-01 4.344672968220805731e-01 1.796284456983190114e-01 2.449056773277761001e-01 2.073754491181616921e-01
6.519902403679250780e-01 5.789625881486251124e-01 6.319474150694787129e-01 3.714545674000091502e-01 5.016497095890679603e-01 5.475591063973077599e-01
6.048923524407873176e-01 7.488434973254131100e-01 8.184768004697415833e-01 6.449115711980339949e-01 8.141854510890796925e-01 7.720245895178727835e-01
6.130005636440276628e-01 6.205382765810348866e-01 7.883037709774547430e-01 6.640330045919100588e-01 7.327386163536232511e-01 9.308380392893249589e-01
3.899734175761839228e-01 6.994300187252827650e-01 7.904311244828677863e-01 5.566323936710335651e-01 9.983370211818300977e-01 8.742835354377711532e-01
5.732265651027436126e-01 5.674843101907501852e-01 8.145157664919174811e-01 9.013850065749536844e-01 9.223687217927407644e-01 1.323884827234863337e+00
6.037286789390707842e-01 6.906937588453342380e-01 5.285327598132455451e-01 3.979523900835631456e-01 4.552758474678076928e-01 2.008882384058605364e-01
3.192436594150934170e-01 3.192520634200038954e-01 4.487066725018271640e-01 7.764370273452209092e-01 7.763945820593241010e-01 1.091217499049307982e+00
